C = ...
[4.358899 0.000000 0.000000;
3.670652 0.725476 0.000000;
2.752989 -0.145095 2.529822];