x = [-3.83333333333333; -3.1666666666666647; 4.4999999999999964];

