c = [-12.999999999999989 14.999999999999975 -15.999999999999968];

