x = [6.127231704882167; 12.984222552112991; 49.888545743004855];

