Q = ...
  [-0.89442719099991574 0.30779350562554619 0.32444284226152503;
   -0.44721359549995793 -0.61558701125109239 -0.64888568452305007;
    0 -0.7254762501100116 0.68824720161168529];

