R = ...
  [-2.23606797749979 -1.7888543819998315 -0.63245553203367577;
   0 -1.9493588689617929 -4.4979527506820718;
   0 0 2.5235730725761796];

