A = ...
[19 16 12;
16 14 10;
12 10 14];