A = ...
  [14 8 18;
   8 11 15;
   18 15 27];

