C = ...
[3.741657 0.000000 0.000000;
2.138090 2.535463 0.000000;
4.810702 1.859339 0.632456];