x = [-3.833328;-3.166661;4.499994];