x = [0.311903;-24.311874;-15.002464;-18.976310;-9.582782;32.544546;2.735543;4.396284;-19.528215;8.334712;15.081625;-5.089654;-15.255253;19.557004;8.363648;2.970559;4.786760;7.475735;-35.322710;-0.139350;-5.347327;2.284620;1.345471;-2.233729;-0.095716;4.045151;-4.165066;3.810121;9.697956;12.643770;29.103947;-17.191716;-3.353133;6.474507;-18.321063;-14.775111;21.179638;-4.711696;19.666262;16.304663;-10.404527;5.949710;-4.160852;24.174450;-10.914325;-4.887319;-15.897070;3.281796;-4.764201;-3.377036;15.523035;-8.439340;9.633149;5.260917;4.012943;14.524527;-28.983259;-13.224255;-1.766037;-11.392521;1.153732;8.324996;-4.859010;-11.655996;-9.747628;-24.347159;5.178059;0.758904;17.481325;-22.064098;2.365168;-20.516559;2.875349;13.404995;-13.319461;-5.358789;-8.796668;-14.442190;5.490827;0.579701;5.568433;-13.730775;-28.947180;3.602363;-10.281439;0.319512;0.800930;1.817409;3.854909;-8.038956;5.748282;-6.017318;7.140266;-10.594975;17.850950;2.464177;-1.742400;-4.261340;9.762468;1.661912;4.483911;-5.432433;-26.161187;-5.536269;8.011692;-0.359946;-5.536630;3.159569;-5.716992;-5.089713;24.583977;-8.545271;-4.698252;-1.402599;11.448656;-13.795476;21.159652;-14.530872;22.661437;2.215029;-24.213350;-5.173311;7.821722;19.575939;19.842409;-2.171109;-6.748680;-1.098435;9.470472;-2.568000;-2.751968;12.918141;3.039431;-15.604807;13.436128;5.181015;-5.397676;4.186088;12.770114;-3.314243;8.747207;-0.002023;8.165015;-2.834384;-18.417139;8.960506;3.977858;-4.714037;-0.845191;-4.936580;-9.668907;-7.406207;7.163187;1.366061;-32.198587;1.824464;6.903115;8.547082;4.616631;6.266351;-7.489726;14.975450;-9.060656;-10.559898;-8.600606;-7.281755;4.531385;8.524510;2.689734;-20.453736;9.306118;13.578530;-1.021437;2.786068;15.309341;2.941065;-4.195581;4.998799;-9.764753;-5.655142;-11.137754;-2.718936;-5.329541;21.234151;1.712392;19.855195;-14.034816;1.778835;9.776382;17.096786;-2.403724;14.339698;16.150232;-3.499378;7.375869;-17.060408;8.339394;-0.400728;5.917150;-2.293587;20.133888;19.133234;-17.883826;36.301943;-4.496166;2.830821;4.890388;0.477292;18.832807;6.108461;0.230699;15.286707;4.530774;12.158284;6.932511;4.998815;-3.339000;-6.254325;-23.189594;-1.532325;-13.628518;-4.828998;-6.011561;-8.272883;-12.526204;-5.983260;0.842159;28.327303;-3.288676;-10.669652;1.027795;-10.481256;18.514988;-1.714559;-10.328459;-7.704534;-15.631536;-16.160840;3.348986;10.552107;2.976587;-15.181429;-2.011436;-2.327098;6.788836;-1.405248;-19.208264;-5.449710;2.944424;12.276783;-2.706721;-12.683668;-1.018397;3.882209;2.223040;16.508269;22.476500;-25.664779;-13.988735;22.734338;-1.259259;3.824159;28.752346;-11.960613;-11.759620;16.967160;14.108315;-28.474453;-3.522072;-17.410701;-15.872026;12.510762;-23.016057;-7.594243;-9.899023;-7.737363;11.564178;-7.240669;-13.604131;17.808421;-4.132728;2.357222;-0.041464;5.546857;15.761019;2.257115;-11.884467;-2.721819;-16.069157;-10.121839;7.807903;0.754866;4.069227;-5.137672;-3.598043;10.120320;-9.100268;-6.639575;-4.730819;2.640256;5.432184;-21.061103;13.821595;-1.317763;1.398054;0.086386;2.543767;5.026231;11.596667;4.027089;-3.514101;0.152007;-5.501504;-7.938801;23.962800;-16.032526;7.090244;-19.129923;-5.892494;0.154689;-15.871067;7.072814;17.036776;10.685413;-0.135545;3.933310;-17.780030;11.331071;12.096792;6.743788;-7.494282;-0.173651;25.474053;-1.347243;-4.423667;3.589237;3.310726;-13.469949;-7.030261;-8.583497;2.972832;-20.988960;-14.866522;3.654579;-19.812041;8.918195;10.148273;-1.269857;-6.563535;1.861119;5.063980;6.462995;-5.760114;-3.901141;-24.160665;-19.345185;8.742286;-3.997193;-12.722879;12.097094;12.576724;12.000264;-10.178046;26.224534;6.804384;2.287056;1.979750;4.156461;14.274228;-6.090476;19.230839;-3.267059;14.238806;6.234011;10.941025;-8.950359;17.138778;15.149806;1.240479;-8.412101;7.372149;-20.137353;20.969878;-9.338457;-3.206897;-7.352082;-16.396071;-24.439995;1.081584;-15.036524;-6.640132;5.461400;7.442946;13.060758;-19.553843;13.994752;20.645662;-18.135236;3.393314;11.882056;-6.631292;7.675581;5.620006;29.454890;-24.082542;16.873352;7.124931;2.153306;1.769021;-8.676824;-13.779895;6.180585;-0.961331;-35.588953;-1.062722;10.213806;10.997836;-17.502945;-2.328887;-10.089683;19.426408;-12.206809;17.699645;-8.085484;-17.410036;-7.858860;6.287946;-3.873666;18.441090;15.794504;14.079905;7.776791;-12.875988;12.934634;8.325295;4.377030;-24.467870;-22.376230;-18.975084;0.949698;-6.829447;15.562956;-2.042443;6.489748;22.664506;20.462817;-11.834164;-9.862049;-15.301068;2.755873;8.398392;-8.574107;0.899370;-4.305705;-26.155357;-8.973216;0.566801;11.528462;12.679532;0.766817;-1.566649;-19.905258;-14.514464;5.709188;2.114044;-14.378692;-19.127109;9.902007;15.985655;-3.120257;17.325646;-36.368001;26.624671;-13.781072;14.782550;4.668761;-7.827751;3.452734;4.083111;8.736096;15.957529;20.071203;14.478475;17.742385;-21.176728;17.396595;13.185881;11.133073;-10.062160;12.877310;-1.316764;3.223533;2.077887;-14.760486;-10.993007;2.720802;3.159311;11.079237;24.607643;15.952775;13.999073;1.339782;-5.365536;-19.277312;20.641505;7.626366;6.253954;-27.114370;-5.980813;0.011887;-11.044798;-17.820562;5.292886;-1.266295;12.777110;14.970093;-19.665158;-0.404816;7.135128;4.902505;10.019178;17.643617;9.008205;14.590377;-15.426724;-3.150393;13.773293;-21.279885;-15.032225;-1.698386;-2.831455;0.777657;8.671788;-1.233845;-3.536717;-17.793526;10.135513;-12.292668;-4.086159;8.404062;-0.032840;3.752625;-22.780031;0.377328;-4.879331;-22.180585;11.350528;9.079016;-12.746050;-14.514567;-18.565884;23.350912;-9.856441;20.566953;-21.802145;-9.933230;3.008857;-5.951301;4.417276;4.830498;2.254014;-1.711484;7.137936;5.957011;-8.383672;0.663760;7.476555;22.633379;-36.057350;5.691208;10.499146;-15.792976;11.290353;8.386737;11.024270;0.379324;-25.953369;12.240102;9.157190;-1.604528;-2.546768;5.350912;2.771264;10.988837;-16.708024;8.438940;-3.426132;4.841611;17.917445;-7.812276;14.404032;-3.591466;0.140088;0.771301;9.462855;-0.859720;-17.321457;-7.101741;31.163979;-0.085246;14.540455;-23.313146;-4.483387;-20.075531;6.508220;3.265855;5.523700;0.239123;4.751466;3.686803;1.803671;-8.189588;16.942783;-12.463925;-0.592996;2.141851;7.057418;3.950993;-7.184382;-12.432271;3.121340;-4.485738;7.786299;-0.734212;-16.043070;-2.477101;-2.290417;8.842750;-0.973299;12.640427;2.994148;4.166850;2.145005;-13.779722;2.853836;26.143766;13.615820;-2.449050;-13.002272;-21.449528;-0.931899;1.887645;17.885233;-7.000856;-2.195314;18.378032;-9.651937;23.611636;-3.158092;13.811767;-4.158838;15.673717;12.329374;-11.942775;-22.201906;-4.759888;-3.626025;-1.743242;20.159719;23.714262;-2.587310;-8.286785;-3.824186;8.989662;7.285846;8.453683;-20.815877;-3.928113;6.632984;-9.444597;-5.870198;-0.654571;-1.965308;-12.470982;-24.733460;-6.840294;0.548529;5.648677;-5.505146;-13.007169;-9.979993;-14.582483;-16.129308;24.725373;26.372684;3.645842;-2.292327;15.745153;-6.854913;12.833609;-1.856753;-3.443904;-9.906668;-13.772332;-11.152888;-9.768910;-6.176722;-7.113739;12.262200;-2.105443;3.906662;-8.667300;-1.024562;21.486411;2.725481;-1.940360;2.094072;-2.622271;11.441193;11.404818;-4.162664;5.686838;-0.196860;-14.434706;11.881411;-19.839488;-6.026117;-7.529731;-3.932019;-1.309276;-10.147200;-5.487214;-14.792785;-7.191467;-23.956180;1.751897;-0.602650;-14.550996;10.235219;10.966269;9.847377;-12.050139;17.116101;0.236946;10.582432;7.328935;5.455913;0.872752;-12.732772;-5.294694;15.013892;18.789859;-4.459980;-8.242068;3.537071;8.203515;14.315858;-6.880332;-6.124318;-0.421407;6.100361;-2.577367;5.648574;4.102784;0.376985;20.498345;-7.033671;2.148207;-11.185391;-4.265918;7.242895;-5.945607;15.778392;19.536756;8.813661;4.779425;1.219399;20.223260;-0.622396;11.843863;-17.457756;15.609078;2.947625;7.737208;-4.764149;-3.217704;-2.841218;-25.957435;-15.086301;-5.069308;-1.841242;-6.284439;10.789527;21.512954;-5.063074;10.784104;10.033594;-20.972003;9.027077;2.352424;-7.894576;-12.777702;3.810284;5.771558;0.383289;-9.050359;3.924673;-22.785955;-2.927909;-6.207222;-2.481854;12.254434;-3.704177;-4.635757;-11.858756;-1.639618;11.861766;