Q = ...
[0.700140 0.062250 -0.711287;
0.140028 0.964876 0.222277;
0.700140 -0.255225 0.666831];