Q = ...
[0.894427 0.307794 0.324443;
-0.447214 0.615587 0.648886;
0.000000 -0.725476 0.688247];