R = ...
[14.282857 14.002801 9.101821;
0.000000 3.149852 2.396627;
-0.000000 -0.000000 6.357125];