R = ...
[2.236068 1.788854 0.632456;
0.000000 1.949359 4.497953;
0.000000 0.000000 2.523573];