x = [-0.029006;0.006646;-0.088149;0.045306;-0.040738;0.020239;-0.027990;0.024068;0.049947;0.045912;-0.016809;-0.024749;-0.006649;-0.072353;0.013933;0.042362;-0.009371;-0.067857;0.013863;0.043218;-0.009040;-0.044639;-0.038403;-0.020304;0.021773;0.020318;-0.044120;0.045722;-0.028455;-0.013572;-0.012742;-0.047448;0.048373;0.050583;0.019204;-0.081406;0.025943;0.032539;0.036539;0.035376;0.003560;-0.002701;-0.007625;-0.013613;0.027813;-0.011495;0.009615;0.005521;-0.034634;0.030059;-0.013214;-0.049224;-0.089355;0.025357;-0.097218;-0.056105;0.006396;0.112925;-0.001098;-0.020040;-0.009829;0.007068;-0.046133;-0.000285;-0.049230;0.003853;0.069322;0.004305;-0.018060;0.025372;-0.051295;0.034924;-0.006404;-0.053166;0.023707;0.001907;-0.034815;-0.027234;0.014411;0.016135;0.070907;-0.015291;-0.014177;-0.045523;0.029289;-0.017602;-0.025321;-0.030815;-0.057631;0.042016;-0.036454;0.015979;-0.053988;0.032325;-0.016694;0.028963;-0.027941;0.010465;-0.001009;-0.027848;0.029351;-0.016462;0.080068;0.040862;0.001003;-0.025582;0.048676;-0.030914;-0.012630;0.072434;-0.042758;-0.039811;0.031393;-0.030123;-0.047372;0.020868;0.037564;-0.011255;-0.029907;0.025224;-0.028750;0.011975;-0.002314;-0.041657;0.019282;0.027980;-0.021402;0.013727;-0.021641;-0.034602;0.023810;-0.016651;0.008528;-0.084649;-0.076994;-0.028065;0.054039;0.049890;-0.008849;0.019020;0.050558;-0.073746;0.072752;0.047614;-0.091121;-0.028688;-0.048239;0.006695;0.045907;-0.053511;0.017725;-0.027519;0.015821;0.015130;-0.024762;0.029190;0.006978;-0.002713;-0.009171;0.005885;0.060502;0.024501;0.035245;-0.005089;0.046758;-0.027211;0.008090;-0.024285;-0.022037;-0.009663;0.058907;-0.062421;-0.002461;0.062960;-0.055197;0.057608;0.028482;0.004839;0.063470;0.024587;0.034205;-0.033233;0.095269;0.038095;-0.010425;-0.003941;-0.008570;0.039087;-0.029806;0.014000;-0.063861;-0.055625;0.003834;-0.036631;0.042035;0.002844;-0.016862;0.013093;0.029659;0.025008;0.060454;-0.027388;-0.090410;-0.049459;0.025092;0.006764;0.062806;0.020302;0.009236;0.048743;-0.007152;-0.075789;0.056320;0.008799;-0.034855;-0.010360;0.000853;-0.012260;-0.011617;-0.031103;0.006675;-0.019778;-0.026221;-0.028487;-0.030124;0.035801;-0.025404;-0.041914;-0.052519;-0.021935;-0.064668;0.045307;0.033438;-0.068404;-0.035957;-0.021121;0.026815;-0.030374;0.007254;0.004800;0.022581;-0.026607;0.050339;0.000072;0.093730;-0.007239;0.050575;0.013338;-0.022621;-0.050760;0.036588;0.028151;-0.014635;0.084563;-0.086558;0.028358;0.026841;0.000818;0.059057;-0.066891;0.022357;0.026382;-0.017393;0.013725;-0.005005;-0.071802;-0.016742;-0.020308;-0.041791;-0.079804;0.045381;-0.000243;-0.082935;0.006736;0.022110;0.068562;0.010052;-0.000132;0.027981;-0.013992;-0.069400;0.007801;-0.030107;-0.008682;0.014297;0.051059;0.034792;0.047338;0.086091;-0.017664;0.054003;-0.010464;-0.010114;-0.002898;-0.016248;-0.055649;0.044758;-0.051009;-0.033698;0.001828;0.011354;-0.023512;0.007981;-0.080930;0.018296;0.065865;0.004510;0.010909;-0.017585;-0.003403;-0.035939;-0.060148;0.076778;-0.011720;-0.019056;-0.045358;-0.017195;-0.052336;-0.032756;0.023966;0.029605;-0.028183;0.024755;0.026134;-0.048129;0.000694;-0.011439;-0.079048;0.003903;-0.044438;0.046756;0.022094;0.029504;0.038226;-0.009466;0.025337;-0.069799;-0.056328;0.043008;0.096141;0.048778;-0.043415;0.042323;0.004676;0.006364;-0.014286;0.067289;0.014025;0.031670;0.022207;-0.028111;0.012420;0.026817;-0.001240;0.009251;-0.043874;0.028213;-0.024333;-0.018575;0.009376;0.039041;0.028574;-0.030792;0.023830;0.018086;0.063977;0.006910;-0.014299;0.056476;0.070290;-0.011708;-0.004774;0.010579;-0.068408;0.030165;-0.047633;-0.018859;-0.008465;0.020654;0.005639;-0.044430;0.037451;0.058360;-0.041729;0.035081;-0.005393;-0.054803;0.018819;-0.020134;0.026578;0.025162;0.021972;-0.059455;-0.067432;-0.001113;0.045013;0.017296;0.031035;0.016242;0.068340;0.003320;-0.015070;-0.031143;-0.049205;0.064591;0.023152;-0.023514;-0.066562;0.046651;-0.056448;0.060780;-0.015820;-0.043258;0.038573;0.045932;-0.036054;0.048052;0.047767;0.043399;-0.003916;0.039493;0.021954;0.041941;-0.027871;-0.015332;-0.017426;0.026415;0.036430;-0.023700;-0.013732;-0.016385;-0.001308;-0.054857;0.013073;0.042114;0.038013;0.056853;-0.057592;-0.041707;0.056658;0.001478;0.028575;-0.051099;-0.023687;-0.038922;0.015774;0.024003;-0.014360;-0.039950;0.007181;-0.013685;-0.002312;-0.018743;-0.065477;0.054920;-0.070366;0.015846;0.030504;0.007201;0.008162;-0.064000;-0.003939;-0.029980;-0.028321;0.026582;0.077804;0.135187;-0.005367;-0.068749;0.004966;0.021256;0.009851;0.057133;-0.007743;-0.004450;-0.000677;0.036969;0.007690;-0.023669;-0.007598;0.007960;0.011223;-0.049671;-0.053038;-0.043756;0.053529;0.034244;-0.003984;-0.020887;-0.002451;0.045811;-0.064314;0.022279;0.028914;0.030474;0.002769;-0.018030;-0.026430;-0.050705;0.024752;0.004915;-0.024847;0.048135;0.033096;-0.015252;0.065575;0.000998;0.013732;-0.045554;-0.027042;-0.038166;0.004609;-0.094024;-0.029272;0.012622;0.070037;-0.003003;-0.010163;-0.024968;-0.048980;0.006658;-0.006005;-0.014026;0.022132;-0.006104;0.005361;0.007255;-0.010308;-0.027386;-0.097720;-0.062605;-0.045399;-0.024054;0.016817;-0.055915;0.086161;-0.019957;-0.005952;0.012450;-0.016043;0.077682;0.006178;-0.006199;-0.007154;0.059275;-0.001530;-0.006439;-0.053592;0.024681;-0.023600;0.060141;0.007687;0.027822;-0.032340;-0.032664;0.034909;-0.044984;0.003827;0.057419;0.012554;-0.047618;-0.000173;0.007775;0.006501;-0.011421;0.025402;-0.001725;0.056425;0.000429;-0.035486;-0.050903;0.036104;-0.041714;0.055125;0.037118;0.083608;-0.045057;-0.035052;-0.050063;0.019760;0.044524;0.016591;0.004601;0.011293;0.029926;-0.005736;-0.093168;0.006770;-0.008890;0.014099;0.023612;0.044001;-0.024893;-0.053186;-0.000498;0.045465;-0.017193;0.040752;-0.018373;-0.022498;-0.014436;0.055682;0.021833;-0.022926;-0.027496;0.010963;0.020135;-0.066097;-0.057447;-0.120753;-0.028557;-0.011475;-0.094486;0.001663;-0.054584;0.069782;0.051519;-0.029320;-0.037795;-0.004509;-0.051924;0.053782;-0.024716;-0.024042;-0.016948;-0.025626;-0.021443;-0.050335;0.001379;-0.046894;0.009539;0.022232;0.024882;0.052559;0.020877;0.027390;-0.015967;0.073940;-0.020685;0.023148;0.022078;0.053085;-0.076378;-0.035715;-0.046964;0.005363;-0.070606;0.096429;0.147349;0.030976;0.009822;-0.001385;-0.014800;-0.096160;0.021210;0.017537;0.029804;-0.053897;0.014949;-0.032509;0.001715;-0.039756;-0.059632;-0.049125;-0.090692;-0.072643;-0.011097;-0.001939;0.033142;0.059725;0.007274;-0.014763;0.020176;-0.044500;-0.040769;0.040138;-0.008142;-0.005703;0.028949;0.020813;0.038087;-0.048201;0.023039;-0.022914;-0.020232;-0.096323;0.058068;0.058177;0.006917;0.061689;-0.025960;0.040633;0.020967;0.069413;-0.039253;-0.001319;-0.055384;-0.010217;0.043499;0.059209;-0.031459;-0.036784;0.011932;0.008685;-0.023294;0.019631;-0.054001;-0.048431;0.015676;0.037911;0.048487;0.009636;-0.010850;-0.000196;-0.082361;0.006134;-0.020375;-0.001469;-0.022334;-0.021669;-0.022390;-0.045363;-0.021162;-0.054721;0.053820;-0.027492;-0.015030;-0.024025;-0.015898;0.045818;-0.032409;0.035109;0.101925;0.023972;-0.020284;0.044576;0.025592;0.007087;0.028853;0.029039;-0.025391;0.105493;-0.040428;-0.072202;0.078923;0.068262;-0.044077;0.015881;-0.014726;0.025846;-0.026759;-0.005392;0.011936;-0.012097;0.017845;0.042175;-0.027159;-0.002057;-0.001544;0.007509;0.029047;-0.012098;0.062062;0.004588;0.025859;0.021510;0.012433;0.009276;0.035162;-0.056022;0.035045;0.051939;0.024662;0.001478;0.015599;0.054051;0.017088;-0.036957;-0.022129;0.046986;-0.004440;-0.052974;-0.032296;0.008887;-0.021362;-0.050168;-0.022680;0.084533;-0.000857;0.112745;0.039838;0.029186;-0.010607;-0.047275;-0.012208;0.004487;-0.097619;-0.000445;0.036186;0.033729;0.013228;0.022599;-0.045987;-0.015345;0.094372;-0.010912;-0.041784;-0.015514;0.012397;0.056102;-0.023309;0.040250;0.003716;-0.038536;-0.039121;0.009427;-0.033336;-0.023527;0.050196;-0.062144;0.082220;0.038228;0.040651;0.020922;-0.020625;0.047426;0.006593;0.031748;0.026551;0.008239;0.053405;-0.032454;0.006862;0.034390;0.001947;0.023577;-0.003978;-0.067189;-0.021935;0.011522;0.027182;