x = [-1.000000;13.000000;-15.000000;16.000000];