A = ...
  [21 14 11;
   14 21 15;
   11 15 27];

