x = [12.984223;6.127232;49.888546];